# SGPstateData[["UT"]][["Achievement"]][["Knots_Boundaries"]] <-
UT_Knots_Boundaries_Pre_COVID_2019 <- list(
		ELA.2014=list(
			boundaries_3=c(10, 1080),
			boundaries_4=c(10, 1080),
			boundaries_5=c(10, 1080),
			boundaries_6=c(10, 1080),
			boundaries_7=c(10, 1080),
			boundaries_8=c(10, 1080),
			boundaries_9=c(10, 1080),
			boundaries_10=c(10, 1080),
			boundaries_11=c(10, 1080),
			knots_3=c(263, 307, 343, 383),
			knots_4=c(293, 343, 382, 425),
			knots_5=c(330, 379, 417, 457),
			knots_6=c(357, 404, 442, 484),
			knots_7=c(366, 415, 456, 500),
			knots_8=c(375, 430, 476, 521),
			knots_9=c(385, 446, 492, 541),
			knots_10=c(394, 459, 507, 558),
			knots_11=c(398, 462, 514, 567),
			loss.hoss_3=c(100, 999),
			loss.hoss_4=c(100, 999),
			loss.hoss_5=c(100, 999),
			loss.hoss_6=c(100, 999),
			loss.hoss_7=c(100, 999),
			loss.hoss_8=c(100, 999),
			loss.hoss_9=c(100, 999),
			loss.hoss_10=c(100, 999),
			loss.hoss_11=c(100, 999)),
		ELA=list(
			boundaries_3=c(123.1, 205.9),
			boundaries_4=c(123.1, 205.9),
			boundaries_5=c(123.1, 205.9),
			boundaries_6=c(123.1, 205.9),
			boundaries_7=c(123.1, 205.9),
			boundaries_8=c(123.1, 205.9),
			boundaries_9=c(123.1, 205.9),
			boundaries_10=c(123.1, 205.9),
			boundaries_11=c(123.1, 205.9),
			knots_3=c(159, 164, 169, 174),
			knots_4=c(159, 164, 170, 175),
			knots_5=c(159, 164, 169, 174),
			knots_6=c(159, 165, 170, 175),
			knots_7=c(160, 167, 172, 178),
			knots_8=c(161, 167, 172, 177),
			knots_9=c(161, 167, 172, 177),
			knots_10=c(161, 167, 171, 176),
			knots_11=c(161, 167, 171, 176),
			loss.hoss_3=c(130, 199),
			loss.hoss_4=c(130, 199),
			loss.hoss_5=c(130, 199),
			loss.hoss_6=c(130, 199),
			loss.hoss_7=c(130, 199),
			loss.hoss_8=c(130, 199),
			loss.hoss_9=c(130, 199),
			loss.hoss_10=c(130, 199),
			loss.hoss_11=c(130, 199)),

		MATHEMATICS.2014=list(
			boundaries_3=c(75, 975),
			boundaries_4=c(75, 975),
			boundaries_5=c(75, 975),
			boundaries_6=c(75, 975),
			boundaries_7=c(75, 975),
			boundaries_8=c(75, 975),
			knots_3=c(285, 306, 323, 341),
			knots_4=c(312, 338, 358, 380),
			knots_5=c(338, 368, 391, 416),
			knots_6=c(367, 401, 428, 457),
			knots_7=c(392, 427, 456, 487),
			knots_8=c(422, 464, 498, 536),
			loss.hoss_3=c(150, 900),
			loss.hoss_4=c(150, 900),
			loss.hoss_5=c(150, 900),
			loss.hoss_6=c(150, 900),
			loss.hoss_7=c(150, 900),
			loss.hoss_8=c(150, 900),
			# SEC_MATH_I
			knots_9=c(431, 486, 528, 571),
			boundaries_9=c(75, 975),
			loss.hoss_9=c(150, 900),
			# SEC_MATH_II
			knots_10=c(462, 518, 565, 619),
			boundaries_10=c(75, 975),
			loss.hoss_10=c(150, 900)),
		MATHEMATICS=list(
			boundaries_3=c(123.1, 205.9),
			boundaries_4=c(123.1, 205.9),
			boundaries_5=c(123.1, 205.9),
			boundaries_6=c(123.1, 205.9),
			boundaries_7=c(123.1, 205.9),
			boundaries_8=c(123.1, 205.9),
			knots_3=c(157, 164, 169, 175),
			knots_4=c(158, 164, 170, 176),
			knots_5=c(157, 164, 169, 175),
			knots_6=c(157, 164, 169, 175),
			knots_7=c(160, 165, 170, 175),
			knots_8=c(157, 163, 168, 173),
			loss.hoss_3=c(130, 199),
			loss.hoss_4=c(130, 207),
			loss.hoss_5=c(130, 199),
			loss.hoss_6=c(130, 199),
			loss.hoss_7=c(130, 199),
			loss.hoss_8=c(130, 199)),

		SCIENCE.2014=list(
			boundaries_4=c(65, 1080),
			boundaries_5=c(65, 1080),
			boundaries_6=c(65, 1080),
			boundaries_7=c(65, 1080),
			boundaries_8=c(65, 1080),
			knots_4=c(811, 829, 843, 858),
			knots_5=c(817, 832, 845, 858),
			knots_6=c(806, 828, 846, 867),
			knots_7=c(810, 828, 842, 858),
			knots_8=c(813, 830, 845, 861),
			loss.hoss_4=c(150, 999),
			loss.hoss_5=c(150, 999),
			loss.hoss_6=c(150, 999),
			loss.hoss_7=c(150, 999),
			loss.hoss_8=c(150, 999),
			# EARTH_SCIENCE
			knots_9=c(805, 826, 843, 862),
			boundaries_9=c(615, 1030),
			loss.hoss_9=c(650, 999)),
			# BIOLOGY
			# knots_9=c(806, 826, 840, 857),
			# boundaries_9=c(615, 1030),
			# loss.hoss_9=c(650, 999)),
		SCIENCE=list(
			boundaries_4=c(123.1, 205.9),
			boundaries_5=c(123.1, 205.9),
			boundaries_6=c(123.1, 205.9),
			boundaries_7=c(123.1, 205.9),
			boundaries_8=c(123.1, 205.9),
			knots_4=c(154, 160, 166, 171),
			knots_5=c(156, 162, 167, 172),
			knots_6=c(156, 162, 168, 173),
			knots_7=c(156, 162, 168, 173),
			knots_8=c(155, 162, 167, 173),
			loss.hoss_4=c(130, 199),
			loss.hoss_5=c(130, 199),
			loss.hoss_6=c(130, 199),
			loss.hoss_7=c(130, 199),